108655
181463
77136
106488
127759
127844
127766
127755
130117
135395
119785
122537
118710
118701
137637
108978
115214
138688
138854
138931
135995
136246
136500
137321
117449
117452
137565
137612
136088
135938
136590
131565
116247
111001
105031
104964
107575
111518
115972
107463
131135
124591
136808
124595
134388
131293
136382
134154
139001
138016
138010
137166
137087
139718
137628
134840
110982
118950
137328
137480
137561
137524
127774
125467
109145
109254
125471
139163
136417
127680
134415
135349
139268
139313
123100
123104
123013
123099
123018
123023
123078
123088
123090
139717
123102
123011
123019
136741
139427
109937
119878
119813
119887
119867
119848
119901
119854
112236
119891
127882
133323
126047
138572
138925
139330
137318
138759
123082
135369
139021
124011
127738
104897
105016
105046
104494
124549
124545
124543
106307
109713
137464
132283
140037
112929
131103
131107
131090
131458
136082
139622
138118
137793
136749
136147
119897
119904
119830
119819
139932
138508
138484
137925
132421
133309
133306
134647
135718
134239
137853
133709
116918
135529
129251
107771
133100
137001
136037
133504
137401
114429
137690
137489
131993
134929
127241
111786
108020
134345
129923
130047
135088
108624
113622
136878
136494
121791
137451
137468
137432
138389
119046
124075
135156
135149
112144
136394
136376
132201
137193
137207
113397
137215
128655
128661
129350
138459
139482
139444
126624
138913
137791
136934
129478
112564
123836
137088
140286
131845
104749
138863
138855
138779
138841
138833
136072
106967
134012
138536
136881
139481
133960
135623
122218
137378
105957
116289
106588
137825
135721
137067
135035
125461
125389
137717
139859
111203
112232
113048
111994
139516
137346
138343
126909
139386
139036
138608
136818
136811
120894
120888
108007
112808
121709
109693
125512
125815
134759
126804
136320
125910
130658
136456
136711
111413
133223
136023
135621
124778
136109
138289
138300
137994
126942
109954
110088
125930
114387
134144
117014
138096
123168
123190
130403
125111
109748
109722
140178
140184
140314
114858
139428
126296
138283
139251
138303
138259
120453
115530
109645
136347
113894
139100
137710
133841
133039
136197
118765
117793
106012
105717
140025
137574
132303
138297
138739
112202
120404
140148
127356
133829
120087
109501
139446
132737
132549
110642
136101
125481
120136
139350
138957
123079
106567
104445
104632
135236
110203
135133
129264
128570
138374
134901
120844
110459
110484
131405
104556
138355
138293
131403
129209
123076
107561
110503
133979
107695
120948
137685
109213
137838
137597
127682
107554
129755
138538
138618
107204
129092
138544
119859
133284
135608
124673
139066
138840
137163
137296
139599
117276
131908
139812
137876
137839
126361
137928
136136
128704
108254
163073
134713
132368
128780
127702
105331
139331
139296
139262
136713
138683
136872
138776
137337
137370
139144
136470
139006
138588
105313
135834
135831
117604
140409
140383
110786
116424
138461
135725
138373
139897
137437
137466
137374
137800
135830
134669
106777
136245
135007
110173
122265
137082
107150
138390
139936
135442
138434
136491
107728
139952
137008
138894
129762
139825
135649
139844
137118
139746
138029
139041
134288
137821
138381
116716
138587
126842
138033
126766
138348
126837
137261
136829
117251
106771
137295
132055
106058
121980
136125
134243
136606
131754
117460
111504
128213
140395
123109
131419
137471
118816
138581
138724
132569
127748
140128
139610
131048
132632
132139
136536
136523
106590
136304
107029
133279
129009
137366
137070
127942
138753
137186
140244
116631
104779
137740
132103
134004
111591
119253
128105
133147
131336
132880
138749
136591
136338
121399
130732
137601
133355
109525
112962
138059
138595
127056
137827
127067
133220
136721
134522
136641
138054
137538
136232
140169
110888
139790
127448
107193
125659
104583
136944
122525
138206
138847
139724
118350
107296
107093
138593
140152
136331
139192
104741
126499
111900
107604
107838
137469
139388
124078
132654
121102
138356
139205
136932
125255
126364
117249
108695
108568
113434
126048
122066
133805
136354
137562
123637
127172
125664
131563
131558
121136
139130
139980
140188
104578
105854
125448
137000
121489
111885
111930
114111
132994
133326
132399
136805
138534
138230
139171
131705
131693
126728
137659
114096
120673
139153
125673
133842
126358
130729
139711
109141
107439
136238
136715
133261
134252
139846
123903
120855
136392
135890
139893
139070
115776
131496
137063
117588
112767
137178
132792
133920
139246
136873
139868
116772
137083
125262
125824
121170
137720
125312
126092
112526
132455
139549
133834
137344
136914
136964
137512
137557
137795
137931
101325
207219
140571
124927
90243
290442
301085
308103
309579
310801
291725
287855
292691
303417
301539
197344
197349
197359
206978
206945
206956
206983
205962
285757
105923
105938
297427
100736
133346
136144
128701
140008
120348
115009
123794
118139
127950
136305
128781
137231
135628
119618
138125
139529
139468
137433
125468
120606
133006
116027
137071
137860
137832
121693
130694
128775
139269
127582
134780
134641
126251
119674
106283
131396
128853
139975
127115
136834
137120
137141
137154
137395
107705
131395
138708
137895
135089
127543
138063
137681
128136
124696
138386
140176
137716
138830
126808
137980
123171
123178
123174
130669
136560
136555
130667
133449
137872
137840
138021
129372
114002
132457
104727
104690
104758
104813
118109
137917
139005
127668
135075
139256
104522
137393
136716
138156
138154
138155
133726
134374
138711
137246
137238
140404
139016
138721
126292
134542
134599
115402
138051
128858
139101
138895
119049
119045
108215
134103
140416
132926
138192
138570
136158
129529
127247
131716
137185
110720
120918
113471
139708
133866
133876
134112
116422
130369
130376
119042
127127
140009
112841
131543
135756
109996
117478
127347
109472
109315
155572
153592
153594
109047
137045
137603
139740
139181
139985
124006
132384
132427
133775
121760
114692
137066
125576
125590
134302
138666
110875
128185
122864
122660
122791
136562
111842
124871
134341
134338
115177
124869
137922
114439
136982
136440
118831
111999
109853
133505
115182
127101
136994
119759
126342
137301
136859
138633
118339
132871
104859
138117
137160
137320
137025
132482
116223
127765
127769
133629
133622
107547
136758
128742
139400
136477
117453
137731
138785
138584
139432
138690
113052
136027
110782
116797
113975
114076
138990
106629
136160
133847
113161
113255
132973
140104
126774
109334
137240
128575
137419
119311
139138
132241
128409
105939
136490
136521
137181
129957
120400
105711
136295
127920
139478
139376
137933
137774
135524
123064
136940
133523
137459
137599
136849
139462
139959
108443
135485
126192
135992
109902
136678
134920
137920
133045
139791
135922
129188
138179
107889
107791
107735
110328
110317
106968
107149
106783
106879
106844
106845
123532
123529
123523
123521
123519
123516
123514
123515
123512
123509
123507
106932
115150
107225
107196
107161
107063
107054
107039
107018
115789
114857
129101
131413
136837
137219
122000
107789
120685
127420
134951
134846
136409
136223
136218
138182
127889
138130
127734
138730
135252
138720
140167
140207
135304
114909
112785
132644
131487
132872
132974
139397
139665
136625
132415
132412
137340
123483
131209
134096
124801
137357
137741
124827
132165
123763
136443
133816
133826
131616
139419
139602
137108
136525
114448
138235
134900
119236
136889
140214
122703
113399
111361
138003
136290
129135
137394
105890
139344
136142
138115
136363
119918
133581
136991
104990
106754
109845
119088
117433
139389
108566
137796
119276
127526
137991
138725
138339
136787
139907
139781
139873
139834
139445
139793
139787
134181
136161
136980
139247
139201
134979
133029
137250
137610
137145
134777
139095
134661
137757
136247
135764
138076
113996
137984
132380
135025
136675
136462
128144
138107
128744
120127
137655
135925
132489
135769
131387
136688
132978
139652
137669
139616
134648
139687
129395
138040
138020
139042
108169
139121
117579
135880
106199
128108
138210
136381
135945
138199
108328
138422
138557
139303
138541
138583
138448
137670
131261
136312
109246
109157
105685
140429
138797
138860
112129
109107
109135
109390
137608
112453
136959
139327
105915
116980
104711
130974
135342
128685
137702
116399
116216
138918
130185
139670
139615
121624
110756
135966
108004
110057
137831
139517
139634
137189
139109
135534
139818
133489
133486
122911
137788
126964
137054
137057
139429
139466
138548
104781
104852
138533
138550
139320
139304
139352
139379
136344
117573
115483
129367
124732
124736
134030
113473
121705
126014
121581
131464
138765
137526
131002
135889
135963
135337
118147
124041
105274
138402
112561
138886
137253
137770
107426
121488
127454
134244
133642
126095
126085
134488
121117
115285
135180
138216
139642
137417
137073
137005
139034
134916
139170
138682
108129
127103
139788
121681
121678
137297
128706
139410
138254
107392
123679
136720
124690
137549
107045
126172
124718
106384
118518
121421
118895
120969
129344
129327
131879
111755
112267
112376
137339
127516
131248
115945
112639
132838
133933
138955
131695
131282
137450
130948
124020
124016
117320
117325
139762
136923
137664
137397
131066
137543
137104
118243
108875
122551
114315
138287
123028
128009
127987
137235
136234
117058
139420
136766
138976
135953
114087
140283
133181
134206
132152
137105
119863
136256
138229
118921
126906
136502
119259
108693
139075
134688
139148
126573
126569
136978
120360
110014
110041
110068
139396
137940
135850
132336
119786
137013
124868
124416
137018
137696
120342
135176
107949
138853
135061
135147
124958
136365
126889
134788
139112
124181
137420
138354
138384
104343
131357
129593
139976
140002
140027
139988
137843
112711
130391
139105
124599
109865
138231
117110
117109
117107
117106
137364
115598
116015
139055
132354
138106
131383
131392
130221
128636
129348
106341
137276
132392
106005
128529
115135
137501
106073
130875
121411
137398
135218
138745
135255
135063
137606
131252
108991
108821
120640
120632
120626
135054
140084
132452
136971
115841
110108
110120
110008
138237
138169
118520
113754
139723
137056
111620
121315
134161
136423
127128
139259
137802
139586
119133
124428
138521
124540
134865
117111
117112
117113
136454
115108
139745
140297
130998
133750
139475
138078
126491
128192
137527
137728
125719
132453
138757
126467
115882
138295
135153
132537
130935
134878
134936
108181
136260
138408
123012
138891
125043
135684
134907
131868
110119
140271
136961
136967
136132
138252
136776
122922
123247
114130
109855
137792
138151
138248
135482
127469
133068
133093
136674
138485
131112
136249
139411
136189
137671
139460
139254
139217
139237
133910
137386
120309
137172
137877
136107
119988
140006
140028
137216
136280
137780
137778
128033
132239
137148
135914
105253
136102
137727
139772
137478
132685
136297
119464
125403
137745
114312
114543
136359
136404
136410
136398
136368
136345
136378
132652
136866
138465
137938
138477
138475
138467
117592
139601
132012
138015
124357
138802
120758
139765
131424
138284
137233
136229
136760
135500
139619
137568
137554
137529
140116
140137
135894
136362
139685
138681
138678
139659
131436
136406
131281
136284
131593
134530
139206
119609
126830
136108
137540
135993
118237
133443
133368
137552
136935
115268
136468
137306
137305
137279
123084
138309
132546
135864
126029
139414
118234
137736
137191
138902
132490
135956
135967
115911
115849
137598
129960
139263
124146
134246
137575
138889
137539
136013
129028
129040
129043
137525
136691
113681
139992
137034
135804
138864
136571
128682
128688
138189
129834
135887
135886
137491
126783
139314
137023
136399
127116
128395
104612
120195
138196
120732
113960
114031
114304
117119
136432
124399
106595
106299
138486
138469
131746
140085
140098
140077
138519
140221
137165
137871
129730
134318
137277
116398
139324
136244
139639
125004
138798
137634
137622
131461
115804
125294
127482
133928
115209
138323
135205
139713
139663
128196
117548
132782
138270
138547
121028
138523
136270
132294
132298
132268
135560
139576
105566
133717
136975
131319
139542
139626
122869
133311
133315
138061
127059
125720
125724
138027
121688
122804
104605
139837
139525
139813
139557
139785
139611
139635
137052
138073
136753
116497
131932
119588
124891
131550
113458
113433
113509
113468
113422
113501
113492
135181
138100
137908
137097
134446
129276
140154
139752
137341
129387
124976
116091
135311
138083
132020
140365
137497
137974
139621
139543
139673
139760
138109
138119
138048
138084
136141
136588
122566
114057
105066
104945
138161
135722
137591
135726
137236
137180
125178
130186
137505
110478
126687
106164
105984
105055
107832
137431
139146
135906
126368
134888
135908
125407
136587
138904
137031
112084
136737
136938
136726
136605
136508
136309
124658
136226
137330
137577
139594
134088
119098
137961
110130
138558
125469
136635
136773
136788
139958
136816
136692
134985
135010
138723
126797
120873
112655
137934
125716
138406
136472
104991
138407
136817
136233
138530
122242
131324
111326
124694
138456
135036
136557
126055
126060
135413
139196
136897
136065
139624
136752
137614
125180
138351
136488
138393
107378
131314
138298
122248
130862
124541
138996
140211
135490
121238
105311
105674
124971
137781
138898
138187
137521
139381
116292
125479
129078
136511
106979
122485
139161
136113
130752
136505
136506
137805
129316
109148
108992
108635
137174
123317
125555
136989
134881
136296
110111
118401
136998
136681
112317
122666
137892
138186
132713
136950
138625
123211
105661
138223
137995
136875
136907
137657
112106
140018
134678
120014
109530
128974
104625
123403
139701
138404
138489
138380
139346
137932
124842
121182
111791
111763
105169
105640
105559
132267
116932
138630
124625
139162
119427
104723
136039
135949
131933
134687
129004
132658
119035
138001
137322
137158
130097
134939
134945
138173
132864
122031
137596
139395
129701
139891
138458
139831
136323
136644
139927
110025
137619
138866
116308
140369
140315
134107
136977
128166
133907
139152
137786
110811
139843
122957
139832
112079
136886
104558
106680
138480
107363
131229
138018
138934
135208
137679
138264
134859
124666
128872
138314
136617
131640
138306
138318
137918
131317
140151
137975
137794
139248
136165
138168
132438
137350
131204
138365
106285
111822
138920
134944
136455
111850
136366
137929
139339
109862
137102
136093
139382
119664
137666
136712
137100
139605
139582
131828
137798
137096
130576
128377
135611
137914
136110
137916
137473
138842
119492
105914
104525
128715
128712
110246
138286
138415
130981
109808
136100
138363
132922
109695
109770
138055
139194
136068
137752
139457
136269
130957
134234
139377
125862
133695
135169
139359
138041
136515
138277
136538
137410
105898
138075
125649
135920
138871
135702
135708
136545
137633
136656
119828
109656
140241
137099
136115
139734
139729
117395
136064
131353
140094
127973
135340
131576
139737
138794
138947
137171
138953
139741
138667
135637
139748